%YAML:1.0
T_W_Wleica: !!opencv-matrix
  rows: 4
  cols: 4
  dt: d
  data: [ 0.439071078, -0.898338351, -0.014310695, 28.626252587,
          0.898396302, 0.438810118, 0.018159437, -1.827462953,
          -0.010033641, -0.020829959, 0.999732684, 0.779502345,
          0.000000000, 0.000000000, 0.000000000, 1.000000000 ]