%YAML:1.0
T_W_Wleica: !!opencv-matrix
  rows: 4
  cols: 4
  dt: d
  data: [ -0.975718492, -0.219028306, -0.000160851, -0.254672905,
          0.219009705, -0.975644687, 0.012336721, 0.194248438,
          -0.002859024, 0.012001939, 0.999923887, -0.125390579,
          0.000000000, 0.000000000, 0.000000000, 1.000000000 ]