%YAML:1.0
T_W_Wleica: !!opencv-matrix
  rows: 4
  cols: 4
  dt: d
  data: [ -0.459704700, 0.888060125, 0.004561076, 14.018296912,
          -0.888029199, -0.459726893, 0.007438121, -9.282795046,
          0.008702348, -0.000631030, 0.999961935, 0.661214401,
          0.000000000, 0.000000000, 0.000000000, 1.000000000 ]