%YAML:1.0
T_W_Wleica: !!opencv-matrix
  rows: 4
  cols: 4
  dt: d
  data: [ -0.220918674, 0.974996663, -0.024009305, 6.687249303,
          -0.975236321, -0.220575467, 0.016142516, -4.325655360,
          0.010443035, 0.026980930, 0.999581399, 0.755691516,
          0.000000000, 0.000000000, 0.000000000, 1.000000000 ]