%YAML:1.0
T_W_Wleica: !!opencv-matrix
  rows: 4
  cols: 4
  dt: d
  data: [ -0.975713354, -0.219051194, -0.000159642, -0.254466258,
          0.219032686, -0.975639885, 0.012308432, 0.195059347,
          -0.002851930, 0.011974535, 0.999924236, -0.125039934,
          0.000000000, 0.000000000, 0.000000000, 1.000000000 ]